# M202A
EMG-based control system

Our website: https://mhk150230.wixsite.com/slavam202a/deliverables

Our GitHub pages: https://slavainder.github.io/M202A/


# Gesture Classification:

Class 0) No Movement; Hand at Rest

Class 1) Hand Parallel to Floor, Moving Down

Class 2) Hand Parallel to Floor, Moving Left

Class 3) Hand Parallel to Floor, Moving Right

Class 4) Hand Parallel to Floor, Moving Up 

Class 5) Index Finger Key Press

Class 6) Little Finger Key Press

Class 7) Middle Finger Key Press

# Gesture Deviation Matrix

Final Matrix

Class0      Class1      Class2      Class3      Class4     Class5      Class6      Class7

[0,         145.08,     123.14,     93.36,       97.77,     59.41,      27.23,      26.91]

[145.08,         0,     129.79,    117.74,      148.94,    101.23,     136.99,     136.91]

[123.14,    129.79,          0,    116.44,       73.56,    120.91,     126.42,     132.36]

[93.36,     117.74,     116.44,         0,       70.99,     68.31,     106.51,     101.96]

[97.77,     148.94,     73.56,      70.99,           0,     101.5,     113.38,     113.77]

[59.41,     101.23,     120.91,     68.31,       101.5,         0,      59.41,      52.11]

[27.23,     136.99,     126.42,     106.51,     113.38,     59.41,          0,      17.55]

[26.91,     136.91,     132.36,     101.96,     113.77,     52.11,      17.55,          0]
